data/a.txt
ncols 136
nrows 81
xllcorner -10.05
yllcorner 35.85
cellsize 0.1
NODATA_value -9999
[rows 0 to 32 of 81, columns 0 to 72 of 136]
-9999 -9999 -9999 -9999 -9999 -9999 -9999 -9999 -9999 -9999 -9999 -9999 -9999 -9999 -9999 -9999 -9999 -9999 -9999 -9999 -9999 -9999 -9999 -9999 -9999 -9999 -9999 -9999 -9999 -9999 -9999 -9999 -9999 -9999 -9999 -9999 -9999 -9999 -9999 -9999 -9999 -9999 -9999 -9999 -9999 -9999 -9999 -9999 -9999 -9999 -9999 -9999 -9999 -9999 -9999 -9999 -9999 -9999 -9999 -9999 -9999 -9999 -9999 -9999 -9999 -9999 -9999 -9999 -9999 -9999 -9999 -9999 -9999
-9999 -9999 -9999 -9999 -9999 -9999 -9999 -9999 -9999 -9999 -9999 -9999 -9999 -9999 -9999 -9999 -9999 -9999 -9999 -9999 -9999 0.1658 -9999 0.1597 0.99 -9999 -9999 -9999 -9999 -9999 -9999 -9999 -9999 -9999 -9999 -9999 -9999 -9999 -9999 -9999 -9999 -9999 -9999 -9999 -9999 -9999 -9999 -9999 -9999 -9999 -9999 -9999 -9999 -9999 -9999 -9999 -9999 -9999 -9999 -9999 -9999 -9999 -9999 -9999 -9999 -9999 -9999 -9999 -9999 -9999 -9999 -9999 -9999
-9999 -9999 -9999 -9999 -9999 -9999 -9999 -9999 -9999 -9999 -9999 -9999 -9999 -9999 -9999 -9999 -9999 -9999 -9999 0.1571 0.2143 0.2082 0.1526 0.1663 0.2367 0.2301 0.1959 -9999 -9999 -9999 -9999 -9999 -9999 -9999 -9999 -9999 -9999 -9999 -9999 -9999 -9999 -9999 0.1602 -9999 -9999 -9999 -9999 -9999 -9999 -9999 -9999 -9999 -9999 -9999 -9999 -9999 -9999 -9999 -9999 -9999 -9999 -9999 -9999 -9999 -9999 -9999 -9999 -9999 -9999 -9999 -9999 -9999 -9999
-9999 -9999 -9999 -9999 -9999 -9999 -9999 -9999 -9999 -9999 -9999 -9999 -9999 -9999 -9999 -9999 -9999 0.2255 0.1827 0.2046 0.2117 0.1653 0.1602 0.2327 0.2122 0.2449 0.1439 0.1934 0.1719 0.151 0.1888 0.2204 0.2117 0.198 0.1469 0.1786 0.1679 0.1439 0.1954 0.1852 0.151 0.1765 0.1888 0.1985 0.1745 -9999 -9999 -9999 -9999 -9999 -9999 -9999 -9999 -9999 -9999 -9999 -9999 -9999 -9999 -9999 -9999 -9999 -9999 -9999 -9999 -9999 -9999 -9999 -9999 -9999 -9999 -9999 -9999
-9999 -9999 -9999 -9999 -9999 -9999 -9999 -9999 -9999 -9999 -9999 -9999 -9999 -9999 -9999 -9999 -9999 0.1898 0.1592 0.1918 0.2031 0.1903 0.1832 0.176 0.1934 0.173 0.1918 0.1745 0.1852 0.1296 0.1689 0.1964 0.1857 0.1964 0.2352 0.1995 0.1531 0.2158 0.2265 0.2224 0.2077 0.1628 0.1801 0.1663 0.1383 0.1781 0.1653 0.1628 0.1265 0.1357 0.176 0.1816 -9999 -9999 -9999 -9999 -9999 -9999 -9999 -9999 -9999 0.2046 0.1985 0.1816 0.1923 0.2153 0.1362 -9999 -9999 -9999 -9999 -9999 -9999
-9999 -9999 -9999 -9999 -9999 -9999 -9999 -9999 -9999 -9999 -9999 -9999 -9999 -9999 -9999 0.1372 0.1071 0.1347 0.1939 0.1673 0.2276 0.1939 0.2408 0.1908 0.1832 0.1556 0.1571 0.1765 0.1505 0.1791 0.176 0.1781 0.1628 0.1719 0.2041 0.1668 0.1806 0.2046 0.2102 0.2582 0.2439 0.2418 0.1929 0.1908 0.1878 0.1653 0.1219 0.1347 0.1587 0.148 0.1724 0.1628 0.15 0.1551 0.1474 0.1541 0.148 0.1546 0.1776 0.2056 0.2071 0.1954 0.2102 0.2204 0.2321 0.2041 0.1577 0.2393 0.1898 0.1796 0.1913 0.2179 0.1806
-9999 -9999 -9999 -9999 -9999 -9999 -9999 -9999 -9999 -9999 0.1408 0.1143 0.1735 0.1668 0.1827 0.1929 0.1515 0.2117 0.225 0.223 0.226 0.1929 0.2107 0.1929 0.1913 0.1612 0.176 0.2158 0.1964 0.1918 0.1724 0.1653 0.151 0.1781 0.1918 0.249 0.1995 0.1597 0.1985 0.1959 0.2622 0.2408 0.2051 0.1806 0.1735 0.1551 0.1398 0.1337 0.1235 0.1459 0.0908 0.0898 0.1577 0.1403 0.1898 0.1821 0.1439 0.1857 0.1536 0.2265 0.1526 0.2005 0.2026 0.1816 0.1903 0.1918 0.173 0.174 0.2189 0.2061 0.15 0.2546 0.2372
-9999 -9999 -9999 -9999 -9999 -9999 -9999 -9999 0.1352 0.1597 0.1566 0.1791 0.1745 0.1842 0.1862 0.1821 0.2102 0.2347 0.2148 0.1878 0.2122 0.1862 0.1505 0.2403 0.2265 0.1903 0.2378 0.1934 0.1679 0.2184 0.2311 0.2255 0.1898 0.1372 0.1837 0.1796 0.1673 0.1648 0.1765 0.1372 0.1628 0.1255 0.2173 0.1954 0.1913 0.1592 0.1684 0.0602 0.074 0.076 0.0597 0.0464 0.099 0.0643 0.149 0.1439 0.1821 0.1755 0.1796 0.1592 0.2036 0.1934 0.1964 0.0959 0.0857 0.1852 0.1526 0.2066 0.1515 0.2444 0.251 0.2474 0.2617
-9999 -9999 -9999 -9999 -9999 -9999 -9999 -9999 0.1112 0.1592 0.1883 0.2378 0.2505 0.2408 0.2352 0.2306 0.2352 0.1837 0.2194 0.2311 0.2158 0.1704 0.2066 0.1872 0.148 0.2 0.1903 0.224 0.2332 0.2602 0.3184 0.3005 0.2087 0.1347 0.1367 0.2077 0.1755 0.1959 0.1587 0.1719 0.1582 0.173 0.2342 0.199 0.2128 0.0347 0.0837 0.0934 0.1265 0.0724 0.0658 0.0944 0.0408 0.0883 0.0878 0.2071 0.1301 0.1112 0.1026 0.1679 0.1719 0.1816 0.149 0.1051 0.0704 0.1857 0.1735 0.251 0.2311 0.3276 0.3051 0.3107 0.2061
-9999 -9999 -9999 -9999 -9999 -9999 -9999 0.1403 0.1531 0.2143 0.226 0.2388 0.2357 0.2367 0.2464 0.2046 0.2214 0.251 0.1893 0.173 0.1903 0.1974 0.2541 0.2372 0.224 0.2352 0.2454 0.2026 0.275 0.3199 0.2872 0.2393 0.152 0.1327 0.0724 0.0847 0.1801 0.0969 0.1556 0.0827 0.1255 0.1235 0.175 0.0765 0.1133 0.0995 0.0714 0.0536 0.0679 0.052 0.0827 0.0709 0.0582 0.127 0.1153 0.0883 0.1444 0.1571 0.3367 0.348 0.3541 0.227 0.2281 0.2357 0.3153 0.3071 0.2214 0.299 0.4107 0.3439 0.4286 0.3954 0.2352
-9999 -9999 -9999 -9999 -9999 -9999 -9999 0.1092 0.1327 0.2423 0.2031 0.2464 0.2362 0.2296 0.2413 0.2434 0.2286 0.2337 0.2449 0.2393 0.2883 0.2668 0.3138 0.3444 0.3077 0.2888 0.2872 0.3015 0.2862 0.2827 0.3439 0.1566 0.1005 0.0714 0.1189 0.1077 0.2066 0.1699 0.1628 0.0944 0.1321 0.1786 0.1847 0.1832 0.0862 0.1622 0.1393 0.1107 0.1102 0.1143 0.124 0.0821 0.0485 0.0903 0.1388 0.1929 0.2199 0.2628 0.2847 0.373 0.4602 0.5112 0.4883 0.4724 0.4214 0.4551 0.4745 0.4898 0.4857 0.5357 0.4918 0.4923 0.4776
-9999 -9999 -9999 -9999 -9999 -9999 -9999 -9999 -9999 0.1827 0.2148 0.2117 0.2434 0.2556 0.2459 0.2505 0.251 0.2372 0.2862 0.3143 0.3204 0.3061 0.3439 0.3423 0.3679 0.3306 0.3112 0.3133 0.2867 0.3531 0.373 0.1138 0.0888 0.1469 0.2321 0.2842 0.1515 0.124 0.1219 0.1862 0.2092 0.1954 0.3699 0.2699 0.2811 0.175 0.1959 0.1107 0.1551 0.173 0.1571 0.1408 0.1643 0.1893 0.2071 0.274 0.2862 0.3918 0.4459 0.3714 0.5633 0.5699 0.5964 0.5526 0.5265 0.5551 0.6138 0.6306 0.6143 0.6112 0.6122 0.5806 0.5592
-9999 -9999 -9999 -9999 -9999 -9999 -9999 -9999 -9999 -9999 0.2531 0.2464 0.2505 0.2526 0.2551 0.2536 0.249 0.2449 0.2791 0.2964 0.2985 0.3194 0.4342 0.4684 0.3699 0.3918 0.2888 0.3571 0.2658 0.2082 0.3776 0.1464 0.1209 0.3245 0.3051 0.4347 0.2372 0.2199 0.1821 0.2235 0.2857 0.3816 0.4653 0.4612 0.474 0.4602 0.4587 0.2934 0.2776 0.2832 0.2306 0.2515 0.226 0.2684 0.3071 0.3454 0.4944 0.5327 0.3765 0.4837 0.5832 0.6862 0.6821 0.6633 0.6 0.7173 0.7015 0.6648 0.6 0.6301 0.6954 0.6964 0.6265
-9999 -9999 -9999 -9999 -9999 -9999 -9999 -9999 -9999 0.1837 0.1929 0.1974 0.202 0.2699 0.2679 0.2526 0.2526 0.2367 0.2883 0.2974 0.3939 0.4163 0.4852 0.5087 0.4969 0.6158 0.4837 0.3582 0.1852 0.1607 0.1209 0.1607 0.4163 0.6735 0.6 0.6056 0.5474 0.5143 0.4291 0.4286 0.4184 0.3684 0.4673 0.4413 0.4658 0.5143 0.5026 0.449 0.4485 0.3821 0.3102 0.2735 0.3454 0.3378 0.4551 0.4694 0.5842 0.6092 0.5643 0.5883 0.6133 0.6939 0.6959 0.6668 0.7173 0.7148 0.7153 0.7122 0.7036 0.6245 0.7143 0.6995 0.6857
-9999 -9999 -9999 -9999 -9999 -9999 -9999 -9999 -9999 -9999 0.1776 0.1954 0.2112 0.2383 0.2515 0.248 0.2526 0.2776 0.3077 0.3811 0.5082 0.5449 0.4893 0.4663 0.5066 0.6582 0.6495 0.4092 0.1628 0.1041 0.151 0.2337 0.5245 0.4872 0.4505 0.4633 0.3449 0.4658 0.4974 0.5321 0.4709 0.4184 0.5102 0.4566 0.4714 0.5189 0.5133 0.5061 0.4429 0.4658 0.4694 0.324 0.4265 0.4918 0.5148 0.6194 0.6036 0.6209 0.6321 0.6592 0.7005 0.7005 0.6944 0.6949 0.6964 0.699 0.7138 0.7138 0.6827 0.6806 0.7128 0.7133 0.6969
-9999 -9999 -9999 -9999 -9999 -9999 -9999 -9999 -9999 -9999 -9999 0.2061 0.2092 0.2592 0.2878 0.2929 0.2929 0.298 0.3821 0.4173 0.4449 0.6474 0.5689 0.4694 0.4796 0.4714 0.4949 0.2077 0.3097 0.2153 0.1786 0.1949 0.1393 0.1699 0.2342 0.2617 0.3245 0.5847 0.6281 0.5704 0.5495 0.5082 0.5286 0.5179 0.5633 0.6051 0.5709 0.5189 0.4714 0.4577 0.5663 0.5316 0.5276 0.5974 0.6122 0.6286 0.6362 0.648 0.6684 0.7056 0.6679 0.7036 0.6816 0.6934 0.6934 0.6872 0.7122 0.6806 0.6531 0.5908 0.5893 0.5913 0.7077
-9999 -9999 -9999 -9999 -9999 -9999 -9999 -9999 -9999 -9999 -9999 -9999 0.198 0.2485 0.274 0.3153 0.3143 0.2883 0.3643 0.4092 0.4592 0.575 0.5944 0.4536 0.3867 0.3821 0.2837 0.1429 0.2561 0.2704 0.1321 0.0816 0.126 0.1408 0.1561 0.2929 0.2878 0.3781 0.5918 0.6163 0.6235 0.6372 0.6393 0.6102 0.6204 0.6199 0.5735 0.6133 0.6112 0.6133 0.6245 0.6255 0.598 0.6245 0.6413 0.6418 0.6429 0.6622 0.6949 0.6464 0.599 0.7046 0.6888 0.6959 0.6939 0.6929 0.6847 0.4949 0.3046 0.2857 0.2934 0.2724 0.5699
-9999 -9999 -9999 -9999 -9999 -9999 -9999 -9999 -9999 -9999 -9999 -9999 0.225 0.2673 0.2944 0.3112 0.3689 0.3883 0.4046 0.3699 0.4128 0.4954 0.5872 0.4786 0.3658 0.2531 0.1622 0.1107 0.1464 0.2189 0.1133 0.0694 0.0765 0.1398 0.1852 0.1857 0.2796 0.374 0.5918 0.602 0.6128 0.6122 0.6342 0.6673 0.6668 0.6173 0.6485 0.6332 0.6332 0.6719 0.676 0.677 0.7061 0.6679 0.6903 0.6587 0.6337 0.6536 0.6291 0.6628 0.6949 0.7041 0.7046 0.6883 0.6704 0.6061 0.4117 0.3173 0.275 0.2694 0.2214 0.2622 0.3005
-9999 -9999 -9999 -9999 -9999 -9999 -9999 -9999 -9999 -9999 -9999 0.252 0.2531 0.2704 0.3633 0.3281 0.4015 0.3648 0.4066 0.3724 0.3888 0.4036 0.4622 0.4679 0.4316 0.3923 0.2403 0.2128 0.1735 0.1893 0.1061 0.0801 0.0658 0.1255 0.1801 0.274 0.3291 0.5913 0.6398 0.6352 0.6418 0.6464 0.6724 0.6724 0.7102 0.6837 0.7112 0.677 0.702 0.7097 0.6974 0.701 0.7041 0.7128 0.6781 0.652 0.5546 0.6403 0.6587 0.7097 0.7026 0.7092 0.6842 0.7041 0.6842 0.6337 0.6898 0.6296 0.5745 0.2612 0.2801 0.2602 0.2633
-9999 -9999 -9999 -9999 -9999 -9999 -9999 -9999 -9999 -9999 -9999 0.2526 0.2827 0.2398 0.3638 0.376 0.3903 0.326 0.3791 0.3566 0.3658 0.3066 0.3316 0.3781 0.4372 0.3821 0.3321 0.2837 0.2194 0.1719 0.1872 0.1699 0.1214 0.1755 0.3133 0.4648 0.4949 0.6418 0.6474 0.7015 0.6827 0.7036 0.7107 0.6837 0.676 0.6745 0.6862 0.6893 0.6913 0.7087 0.674 0.6908 0.6699 0.6908 0.6551 0.6832 0.6969 0.6643 0.6505 0.6184 0.6454 0.699 0.7026 0.6735 0.6413 0.6036 0.5694 0.6301 0.6357 0.4653 0.3214 0.2883 0.2776
-9999 -9999 -9999 -9999 -9999 -9999 -9999 -9999 -9999 -9999 -9999 0.2153 0.2173 0.2464 0.2668 0.3153 0.349 0.3133 0.3724 0.3495 0.2934 0.3168 0.2561 0.2883 0.4342 0.4597 0.4133 0.3893 0.3061 0.2923 0.2929 0.3036 0.3301 0.35 0.5138 0.5617 0.6082 0.626 0.626 0.6459 0.675 0.7092 0.7128 0.6837 0.677 0.6923 0.6913 0.6842 0.6903 0.7 0.675 0.6903 0.6469 0.6179 0.6265 0.6908 0.6531 0.6526 0.6541 0.6235 0.6148 0.623 0.6449 0.6332 0.6046 0.4633 0.5026 0.501 0.5612 0.5148 0.4852 0.473 0.4582
-9999 -9999 -9999 -9999 -9999 -9999 -9999 -9999 -9999 -9999 -9999 0.2097 0.277 0.2903 0.2582 0.3413 0.3179 0.3531 0.2883 0.2515 0.2939 0.3015 0.2776 0.275 0.3689 0.4862 0.5862 0.5811 0.6454 0.5806 0.4653 0.3898 0.477 0.6158 0.6163 0.6362 0.7097 0.6959 0.7102 0.651 0.6449 0.7143 0.7087 0.7153 0.6786 0.675 0.6847 0.6872 0.6898 0.6765 0.6684 0.6434 0.5699 0.6408 0.676 0.6469 0.6541 0.6321 0.6342 0.6337 0.6255 0.6342 0.6469 0.6281 0.6056 0.5638 0.6117 0.576 0.5423 0.5301 0.4929 0.476 0.5168
-9999 -9999 -9999 -9999 -9999 -9999 -9999 -9999 -9999 -9999 -9999 0.2128 0.2403 0.2571 0.2408 0.2628 0.2668 0.2526 0.2485 0.2755 0.252 0.2536 0.2454 0.3597 0.3832 0.5133 0.6745 0.7327 0.7342 0.7122 0.6959 0.5153 0.652 0.648 0.6449 0.6939 0.7117 0.7051 0.7148 0.7153 0.7163 0.7026 0.6954 0.6765 0.674 0.6673 0.6684 0.6643 0.677 0.6923 0.6959 0.6546 0.6398 0.6745 0.6745 0.6571 0.6383 0.6332 0.5862 0.6031 0.624 0.6648 0.6551 0.649 0.6403 0.6077 0.5888 0.6026 0.626 0.5454 0.5199 0.5097 0.4801
-9999 -9999 -9999 -9999 -9999 -9999 -9999 -9999 -9999 -9999 -9999 -9999 0.1694 0.2566 0.2061 0.2372 0.3209 0.348 0.3495 0.3378 0.298 0.2913 0.3908 0.3592 0.5102 0.6117 0.6949 0.7122 0.723 0.7357 0.7117 0.6791 0.6872 0.6776 0.7148 0.7138 0.699 0.7133 0.7143 0.702 0.7143 0.698 0.7168 0.6648 0.6464 0.6367 0.6459 0.6485 0.6684 0.6531 0.7092 0.6878 0.7107 0.7107 0.7031 0.6633 0.6556 0.6112 0.6719 0.6556 0.6337 0.5898 0.6378 0.6541 0.6418 0.5821 0.5464 0.6031 0.6041 0.5367 0.4862 0.5281 0.5429
-9999 -9999 -9999 -9999 -9999 -9999 -9999 -9999 -9999 -9999 -9999 -9999 0.1684 0.2112 0.2143 0.2306 0.3291 0.3663 0.3454 0.2908 0.3724 0.3903 0.3959 0.4128 0.5 0.6694 0.701 0.726 0.7235 0.7291 0.7163 0.7163 0.7199 0.7296 0.7122 0.7337 0.7301 0.7163 0.7153 0.7041 0.7173 0.7163 0.6974 0.6418 0.6199 0.6066 0.6046 0.6026 0.65 0.6714 0.6918 0.7153 0.7153 0.7051 0.7122 0.7128 0.6556 0.6464 0.6633 0.626 0.6163 0.6189 0.6546 0.5276 0.5306 0.5842 0.5811 0.598 0.5832 0.5505 0.5684 0.5526 0.5592
-9999 -9999 -9999 -9999 -9999 -9999 -9999 -9999 -9999 -9999 -9999 -9999 0.1245 0.1597 0.175 0.2066 0.2735 0.3372 0.3597 0.3097 0.3423 0.3668 0.3944 0.5153 0.5857 0.6745 0.7179 0.7102 0.7194 0.7046 0.7184 0.7337 0.7311 0.7347 0.7214 0.7291 0.7321 0.7327 0.7015 0.6974 0.7133 0.7153 0.6878 0.6658 0.6245 0.6026 0.6 0.5934 0.6179 0.6526 0.6582 0.6913 0.675 0.677 0.6923 0.7128 0.7158 0.6663 0.6541 0.6566 0.6429 0.5974 0.5327 0.6046 0.6173 0.6352 0.649 0.6056 0.5036 0.5219 0.5255 0.5301 0.5352
-9999 -9999 -9999 -9999 -9999 -9999 -9999 -9999 -9999 -9999 -9999 -9999 -9999 0.1337 0.2015 0.2408 0.3122 0.2668 0.3184 0.352 0.3837 0.3913 0.5071 0.6107 0.6653 0.7199 0.7327 0.7276 0.7092 0.7173 0.7342 0.7082 0.7316 0.7347 0.7342 0.7255 0.7071 0.7332 0.7066 0.7173 0.7143 0.6745 0.6622 0.6153 0.6464 0.6077 0.6056 0.5622 0.6066 0.6087 0.6464 0.6337 0.6709 0.6699 0.6918 0.6944 0.7168 0.6474 0.6199 0.6163 0.6536 0.6434 0.6485 0.7015 0.6811 0.6189 0.4628 0.499 0.4663 0.4934 0.5026 0.5255 0.5097
-9999 -9999 -9999 -9999 -9999 -9999 -9999 -9999 -9999 -9999 -9999 -9999 -9999 0.1321 0.1745 0.2168 0.2806 0.3536 0.3541 0.3949 0.4439 0.4898 0.6408 0.6944 0.7189 0.7077 0.7102 0.7148 0.7148 0.7296 0.7291 0.7306 0.7316 0.7122 0.7342 0.7286 0.7347 0.7291 0.6995 0.7173 0.7117 0.7163 0.6959 0.6878 0.6602 0.6439 0.6444 0.5954 0.598 0.6071 0.6311 0.6495 0.6495 0.6699 0.6786 0.6934 0.6796 0.6184 0.6153 0.6347 0.6148 0.6367 0.6566 0.6786 0.6372 0.4633 0.4352 0.4704 0.4816 0.4806 0.6168 0.6179 0.6051
-9999 -9999 -9999 -9999 -9999 -9999 -9999 -9999 -9999 -9999 -9999 -9999 -9999 -9999 0.2015 0.1995 0.2337 0.3281 0.3541 0.4087 0.5117 0.5403 0.6673 0.6878 0.7255 0.7168 0.7209 0.6663 0.7153 0.7133 0.7347 0.7332 0.726 0.7332 0.7189 0.7306 0.7163 0.7148 0.6888 0.7138 0.699 0.7168 0.7163 0.6898 0.6653 0.6684 0.6474 0.6551 0.6679 0.6934 0.6898 0.6454 0.6276 0.6418 0.6689 0.6704 0.6393 0.6041 0.6291 0.6515 0.5816 0.6199 0.6296 0.5061 0.4898 0.4801 0.4939 0.4883 0.5219 0.5485 0.6015 0.6158 0.6163
-9999 -9999 -9999 -9999 -9999 -9999 -9999 -9999 -9999 -9999 -9999 -9999 -9999 -9999 0.199 0.2117 0.226 0.325 0.3367 0.3668 0.4189 0.4158 0.527 0.6679 0.6985 0.7204 0.7148 0.7321 0.702 0.7296 0.7352 0.7347 0.7153 0.7189 0.7224 0.7352 0.7342 0.7219 0.7041 0.6888 0.7117 0.7173 0.7107 0.6923 0.6862 0.6643 0.6505 0.675 0.7071 0.7316 0.7097 0.6561 0.6362 0.6276 0.6668 0.673 0.675 0.6531 0.6276 0.6398 0.6046 0.4561 0.4439 0.624 0.7112 0.5097 0.5071 0.6633 0.6342 0.6209 0.6561 0.651 0.6107
-9999 -9999 -9999 -9999 -9999 -9999 -9999 -9999 -9999 -9999 -9999 -9999 -9999 0.1577 0.1954 0.1668 0.2648 0.3 0.375 0.4112 0.4485 0.498 0.5143 0.6041 0.6755 0.7097 0.7291 0.7286 0.726 0.7138 0.7296 0.7219 0.7245 0.7306 0.7148 0.7265 0.7347 0.7194 0.7061 0.7031 0.7138 0.7173 0.7128 0.6862 0.6918 0.6704 0.676 0.6842 0.7107 0.6918 0.7143 0.6903 0.6398 0.6689 0.674 0.6985 0.6857 0.6643 0.674 0.6684 0.4658 0.4638 0.5138 0.6107 0.6704 0.7082 0.6934 0.7122 0.7056 0.7173 0.7112 0.6398 0.6383
-9999 -9999 -9999 -9999 -9999 -9999 -9999 -9999 -9999 -9999 -9999 -9999 -9999 0.1699 0.1847 0.1908 0.2821 0.2694 0.3551 0.4179 0.402 0.4582 0.4949 0.5082 0.5714 0.6265 0.6816 0.7163 0.7102 0.7281 0.727 0.7327 0.7281 0.7301 0.7342 0.7158 0.7321 0.7347 0.7179 0.7158 0.7133 0.7168 0.7138 0.7041 0.7015 0.699 0.7102 0.7168 0.7071 0.7102 0.7158 0.7122 0.6939 0.6929 0.7122 0.6949 0.6888 0.6832 0.5842 0.3071 0.2485 0.2852 0.4653 0.7015 0.7291 0.7066 0.7168 0.7071 0.7173 0.7168 0.6781 0.6255 0.6082
-9999 -9999 -9999 -9999 -9999 -9999 -9999 -9999 -9999 -9999 -9999 -9999 -9999 0.1806 0.2046 0.201 0.2449 0.3607 0.3699 0.4148 0.3923 0.4577 0.4735 0.5005 0.4337 0.477 0.577 0.676 0.7301 0.7051 0.7143 0.7342 0.7173 0.7332 0.7276 0.7347 0.7327 0.7327 0.7337 0.725 0.723 0.699 0.7 0.6944 0.7148 0.7168 0.7168 0.7133 0.7179 0.7143 0.6832 0.7056 0.6974 0.7291 0.7286 0.7041 0.6066 0.5163 0.5607 0.6684 0.6801 0.6786 0.7138 0.7199 0.7352 0.7311 0.7158 0.7168 0.701 0.7133 0.648 0.6582 0.6357
