data/a.txt
ncols 136
nrows 81
xllcorner -10.05
yllcorner 35.85
cellsize 0.1
NODATA_value -9999
[rows 33 to 65 of 81, columns 0 to 72 of 136]
-9999 -9999 -9999 -9999 -9999 -9999 -9999 -9999 -9999 -9999 -9999 -9999 0.1974 0.2087 0.2128 0.2143 0.2832 0.3577 0.3408 0.3944 0.4551 0.4709 0.4776 0.4168 0.3408 0.3536 0.3679 0.4464 0.6888 0.7005 0.7245 0.7327 0.7337 0.7199 0.7327 0.7306 0.7189 0.7352 0.7209 0.6745 0.6781 0.6801 0.7372 0.7352 0.6964 0.6872 0.7179 0.7036 0.6704 0.6622 0.7321 0.7286 0.7235 0.7311 0.7301 0.6133 0.6117 0.6321 0.6291 0.6898 0.7143 0.7352 0.7194 0.7362 0.7163 0.7163 0.6893 0.7107 0.7122 0.6801 0.6709 0.6311 0.6122
-9999 -9999 -9999 -9999 -9999 -9999 -9999 -9999 -9999 -9999 -9999 -9999 0.1888 0.1704 0.2577 0.2617 0.3408 0.401 0.4255 0.4194 0.4633 0.5005 0.4577 0.3378 0.2872 0.2194 0.3184 0.4398 0.4969 0.7153 0.727 0.7296 0.7332 0.702 0.7337 0.7286 0.7122 0.7398 0.6077 0.6352 0.648 0.699 0.7398 0.7194 0.7352 0.7352 0.7347 0.7321 0.6806 0.5036 0.7128 0.6281 0.6551 0.7107 0.7286 0.7138 0.727 0.7316 0.7347 0.7163 0.7321 0.7306 0.7219 0.7352 0.7107 0.6883 0.7066 0.7153 0.7117 0.6648 0.6367 0.6107 0.6699
-9999 -9999 -9999 -9999 -9999 -9999 -9999 -9999 -9999 -9999 -9999 -9999 0.1893 0.1638 0.2434 0.3148 0.4112 0.4036 0.4352 0.4291 0.4633 0.4806 0.4495 0.3571 0.2378 0.2077 0.3592 0.4398 0.5898 0.6939 0.7148 0.724 0.7337 0.7173 0.7337 0.7362 0.7214 0.6857 0.6658 0.5306 0.5842 0.7148 0.7378 0.7398 0.7219 0.7367 0.7046 0.6235 0.6566 0.526 0.5719 0.6531 0.701 0.6872 0.7138 0.7071 0.7214 0.7102 0.7082 0.7255 0.7311 0.7362 0.7301 0.6908 0.7087 0.673 0.6903 0.7128 0.7102 0.6969 0.6255 0.6265 0.6679
-9999 -9999 -9999 -9999 -9999 -9999 -9999 -9999 -9999 -9999 -9999 0.1888 0.2311 0.2765 0.2786 0.3485 0.4526 0.4867 0.4704 0.4944 0.4888 0.4837 0.4796 0.3653 0.2689 0.2755 0.4464 0.5362 0.6495 0.7321 0.727 0.7082 0.7158 0.7179 0.7362 0.7209 0.7362 0.699 0.6714 0.6536 0.7056 0.7107 0.624 0.5969 0.7403 0.7393 0.6704 0.5036 0.4117 0.3388 0.4796 0.4265 0.6974 0.723 0.7362 0.7357 0.7311 0.7357 0.7352 0.7316 0.7245 0.7301 0.6939 0.7015 0.7071 0.6923 0.6878 0.7122 0.7107 0.7077 0.6066 0.6168 0.7046
-9999 -9999 -9999 -9999 -9999 -9999 -9999 -9999 -9999 -9999 -9999 0.2194 0.273 0.2939 0.2862 0.4378 0.475 0.5505 0.5224 0.5128 0.5434 0.5444 0.5245 0.4862 0.4929 0.501 0.5801 0.6633 0.6929 0.7199 0.7306 0.7321 0.7255 0.6944 0.7332 0.7316 0.7321 0.6469 0.6393 0.6469 0.6821 0.648 0.7046 0.7082 0.6393 0.5888 0.7327 0.6801 0.474 0.5168 0.5429 0.6276 0.7036 0.6883 0.7148 0.7327 0.727 0.7332 0.7148 0.7092 0.6893 0.6872 0.6556 0.6444 0.676 0.7 0.7056 0.7107 0.7112 0.7214 0.6913 0.7077 0.7117
-9999 -9999 -9999 -9999 -9999 -9999 -9999 -9999 -9999 -9999 -9999 0.2158 0.2648 0.3265 0.2985 0.5143 0.5464 0.6281 0.651 0.6485 0.6316 0.5862 0.598 0.6255 0.6184 0.6857 0.6454 0.6673 0.6806 0.7184 0.7301 0.7265 0.7117 0.7005 0.7306 0.7311 0.6638 0.5388 0.5582 0.6311 0.6551 0.6393 0.6816 0.5158 0.5005 0.6265 0.6378 0.5357 0.4781 0.526 0.5454 0.5255 0.5862 0.6352 0.5867 0.6668 0.6679 0.7194 0.6878 0.6235 0.5837 0.5204 0.5311 0.5429 0.5612 0.5745 0.7061 0.7296 0.7235 0.7087 0.7296 0.7321 0.6944
-9999 -9999 -9999 -9999 -9999 -9999 -9999 -9999 -9999 -9999 -9999 0.2301 0.2505 0.2903 0.3189 0.5566 0.5852 0.6296 0.6954 0.6796 0.6296 0.6102 0.6413 0.6587 0.6561 0.7066 0.724 0.6913 0.7291 0.7316 0.7051 0.7311 0.7255 0.7301 0.7301 0.7219 0.6617 0.5429 0.5423 0.5617 0.5423 0.5224 0.5286 0.4954 0.4959 0.5265 0.5694 0.5832 0.5551 0.5209 0.5036 0.5622 0.577 0.5724 0.5265 0.527 0.5719 0.5816 0.5587 0.5311 0.4811 0.4755 0.4888 0.4964 0.5383 0.5485 0.6658 0.7061 0.7224 0.7173 0.7306 0.7286 0.7337
-9999 -9999 -9999 -9999 -9999 -9999 -9999 -9999 -9999 -9999 0.2393 0.2423 0.2541 0.3179 0.3316 0.5082 0.4985 0.6464 0.6648 0.6429 0.7148 0.7082 0.6413 0.7158 0.7204 0.725 0.7153 0.7173 0.7128 0.6923 0.7128 0.7301 0.7286 0.723 0.727 0.6832 0.6495 0.5571 0.5526 0.548 0.5209 0.5184 0.498 0.5214 0.5143 0.5327 0.5378 0.5796 0.5821 0.573 0.5582 0.5444 0.5806 0.5332 0.5393 0.5403 0.5087 0.5541 0.5602 0.4918 0.4719 0.4577 0.4724 0.4791 0.4923 0.5577 0.5658 0.6617 0.6883 0.7291 0.7321 0.7321 0.7316
-9999 -9999 -9999 -9999 -9999 -9999 -9999 -9999 -9999 -9999 0.2408 0.2531 0.2648 0.3097 0.3689 0.5388 0.5566 0.526 0.6276 0.6918 0.6918 0.7005 0.7158 0.7347 0.7107 0.7301 0.6939 0.7265 0.7117 0.7311 0.7301 0.727 0.7281 0.6832 0.6643 0.6633 0.6531 0.5602 0.5556 0.5311 0.5321 0.5128 0.5316 0.5321 0.5005 0.5311 0.5582 0.5796 0.5801 0.5689 0.5668 0.573 0.577 0.6224 0.6046 0.5857 0.5423 0.6056 0.5821 0.5541 0.4939 0.4872 0.4755 0.4837 0.4587 0.4985 0.5393 0.5485 0.6429 0.702 0.7097 0.7321 0.7327
-9999 -9999 -9999 -9999 -9999 -9999 -9999 -9999 -9999 0.2526 0.2577 0.249 0.2607 0.3643 0.5449 0.5418 0.5852 0.6398 0.6378 0.6944 0.6872 0.7163 0.7301 0.7112 0.7306 0.7163 0.7082 0.7301 0.7138 0.7138 0.7286 0.7265 0.7138 0.6643 0.6643 0.6041 0.5429 0.5597 0.5561 0.5551 0.5439 0.5546 0.5577 0.5719 0.5719 0.5821 0.6658 0.6653 0.6418 0.6204 0.6413 0.6531 0.5847 0.6311 0.6495 0.6668 0.6684 0.726 0.7184 0.6617 0.6061 0.5383 0.4934 0.4923 0.4969 0.4903 0.4959 0.5005 0.5699 0.6673 0.7087 0.7087 0.726
-9999 -9999 -9999 -9999 -9999 -9999 -9999 -9999 -9999 0.2515 0.2306 0.252 0.3199 0.55 0.6061 0.5709 0.6046 0.6423 0.626 0.6546 0.6765 0.699 0.7148 0.7128 0.7296 0.7158 0.6755 0.699 0.7286 0.7168 0.7214 0.6668 0.6245 0.6199 0.6418 0.5607 0.5592 0.5566 0.5566 0.5531 0.5577 0.5571 0.5398 0.5648 0.6643 0.7036 0.7276 0.7316 0.724 0.6449 0.576 0.6648 0.6648 0.6622 0.7117 0.7143 0.7255 0.7332 0.7133 0.7148 0.6944 0.5699 0.5464 0.4832 0.4964 0.4959 0.4959 0.4918 0.4974 0.601 0.6867 0.6893 0.7046
-9999 -9999 -9999 -9999 -9999 -9999 -9999 -9999 0.2515 0.2709 0.2536 0.3219 0.4311 0.5189 0.5607 0.5321 0.5898 0.574 0.6046 0.6622 0.7036 0.7214 0.7 0.7112 0.6668 0.6571 0.6903 0.6709 0.7082 0.727 0.6051 0.5791 0.5383 0.5163 0.5367 0.5592 0.5903 0.6133 0.6219 0.5633 0.5434 0.5526 0.5617 0.6663 0.6321 0.7173 0.7337 0.7327 0.6653 0.5816 0.5617 0.5776 0.5821 0.6592 0.6862 0.7219 0.7311 0.7301 0.7281 0.7128 0.7077 0.6393 0.6031 0.5398 0.4959 0.477 0.473 0.4827 0.4903 0.5128 0.602 0.6602 0.6867
-9999 -9999 -9999 -9999 -9999 -9999 -9999 0.2204 0.2459 0.2495 0.2663 0.273 0.3648 0.4571 0.5 0.5184 0.6046 0.5821 0.5995 0.6464 0.727 0.7158 0.6878 0.6786 0.675 0.6673 0.7041 0.6765 0.7077 0.7286 0.6485 0.6281 0.5219 0.5327 0.5383 0.5556 0.623 0.6378 0.6138 0.6189 0.6306 0.6505 0.6628 0.6714 0.7316 0.7321 0.7255 0.6531 0.5867 0.5566 0.5321 0.5418 0.5577 0.5765 0.6495 0.7209 0.7316 0.7306 0.7311 0.6668 0.6179 0.6337 0.6117 0.5806 0.527 0.4719 0.4556 0.474 0.4959 0.4888 0.5311 0.5403 0.5857
-9999 -9999 -9999 -9999 -9999 -9999 0.1617 0.2306 0.2658 0.2617 0.2709 0.3087 0.449 0.4832 0.5158 0.5031 0.6051 0.6413 0.6673 0.6673 0.6444 0.6423 0.6689 0.6699 0.6607 0.6429 0.6898 0.7235 0.7097 0.6684 0.6969 0.6214 0.5342 0.501 0.5306 0.5622 0.6087 0.6357 0.6577 0.6536 0.6469 0.6301 0.5679 0.6393 0.6505 0.6429 0.627 0.6551 0.5582 0.5561 0.5337 0.5378 0.5566 0.5724 0.5694 0.6597 0.6367 0.6673 0.6577 0.6423 0.6117 0.6429 0.5684 0.5357 0.4821 0.5505 0.474 0.4724 0.4592 0.4959 0.5199 0.5388 0.5398
-9999 -9999 -9999 -9999 -9999 -9999 0.1857 0.248 0.2638 0.2531 0.2816 0.3571 0.477 0.4857 0.5122 0.5138 0.5837 0.6337 0.6526 0.6505 0.6551 0.6668 0.6531 0.6628 0.6495 0.6694 0.6699 0.6571 0.6862 0.6765 0.7092 0.6209 0.5388 0.5168 0.5393 0.5602 0.5643 0.6347 0.6173 0.6515 0.5745 0.552 0.5342 0.5566 0.5566 0.5582 0.5551 0.5786 0.5592 0.5454 0.5347 0.5587 0.576 0.5724 0.5776 0.5684 0.6515 0.6327 0.5755 0.6301 0.6444 0.601 0.5357 0.5781 0.5796 0.5194 0.4755 0.474 0.475 0.4755 0.5383 0.5194 0.5337
-9999 -9999 -9999 -9999 -9999 -9999 0.223 0.2587 0.2704 0.249 0.2959 0.4403 0.4852 0.4878 0.5092 0.502 0.5995 0.6 0.6276 0.6337 0.6337 0.6515 0.6658 0.6383 0.6561 0.6684 0.6679 0.6668 0.6306 0.6582 0.6056 0.602 0.5515 0.5184 0.5163 0.4969 0.5296 0.5587 0.6214 0.5612 0.5383 0.5128 0.4893 0.4791 0.4714 0.5316 0.5454 0.5301 0.548 0.5265 0.5418 0.5607 0.5668 0.5388 0.5592 0.5704 0.5694 0.6429 0.6153 0.624 0.6097 0.5755 0.5607 0.5526 0.551 0.4745 0.4934 0.4622 0.473 0.5056 0.5602 0.5597 0.5668
-9999 -9999 -9999 -9999 -9999 -9999 0.2638 0.2474 0.2429 0.2694 0.3628 0.474 0.4888 0.4821 0.501 0.5199 0.5117 0.5724 0.5913 0.5888 0.6046 0.6602 0.6485 0.6541 0.6673 0.6515 0.6505 0.6724 0.6526 0.6776 0.599 0.5561 0.525 0.5015 0.5087 0.4852 0.4898 0.5378 0.5571 0.5367 0.527 0.5163 0.476 0.4663 0.4689 0.4969 0.4934 0.4745 0.502 0.5546 0.5536 0.5434 0.5597 0.5393 0.4959 0.5301 0.5398 0.6179 0.6015 0.6046 0.5811 0.5464 0.5189 0.4827 0.452 0.4684 0.4633 0.4714 0.498 0.574 0.5811 0.6505 0.6837
-9999 -9999 -9999 -9999 -9999 0.2474 0.2612 0.2531 0.2643 0.3026 0.4622 0.4862 0.4893 0.4806 0.5 0.4908 0.5648 0.5316 0.599 0.5515 0.5735 0.6158 0.6474 0.6459 0.6648 0.6628 0.6658 0.7286 0.7296 0.6158 0.5551 0.5184 0.5332 0.5776 0.5587 0.4811 0.4939 0.4786 0.4974 0.5 0.5133 0.5168 0.4939 0.4694 0.4663 0.4939 0.4954 0.5005 0.5031 0.5439 0.5449 0.5566 0.523 0.4883 0.5163 0.4939 0.5214 0.5265 0.5745 0.5801 0.5434 0.5219 0.4745 0.477 0.4745 0.4408 0.4378 0.4556 0.5153 0.5776 0.6204 0.6985 0.7189
-9999 -9999 -9999 -9999 -9999 0.2291 0.2459 0.2434 0.2944 0.3622 0.4888 0.4893 0.4903 0.5051 0.4929 0.5077 0.5827 0.598 0.6347 0.6597 0.624 0.6434 0.6459 0.6668 0.6408 0.6541 0.6566 0.6658 0.6439 0.5515 0.5485 0.5342 0.5781 0.6852 0.6847 0.5939 0.5173 0.4949 0.5158 0.501 0.527 0.5153 0.5219 0.4745 0.4934 0.4985 0.5148 0.5163 0.5168 0.5168 0.5367 0.5168 0.4949 0.4827 0.4806 0.4934 0.5051 0.5403 0.602 0.5735 0.5566 0.5337 0.4699 0.4541 0.4398 0.4342 0.4495 0.4536 0.4668 0.5163 0.6031 0.7158 0.7301
-9999 -9999 -9999 -9999 -9999 0.2388 0.2388 0.2622 0.3342 0.4219 0.4878 0.4888 0.4714 0.4954 0.5179 0.5189 0.524 0.6117 0.6505 0.6546 0.6648 0.5765 0.6071 0.5959 0.6403 0.6097 0.6332 0.6224 0.5622 0.5837 0.574 0.5929 0.6219 0.7 0.7214 0.6189 0.551 0.5036 0.5153 0.5408 0.5954 0.5378 0.4898 0.4959 0.5158 0.5163 0.5122 0.5168 0.5168 0.5168 0.5138 0.4929 0.4908 0.4791 0.4765 0.4939 0.5133 0.5235 0.6036 0.5959 0.5816 0.4888 0.4352 0.4173 0.4454 0.4301 0.4454 0.4515 0.4745 0.5194 0.6036 0.6459 0.7301
-9999 -9999 -9999 -9999 -9999 -9999 -9999 -9999 0.3347 0.4378 0.4852 0.474 0.4934 0.5102 0.5143 0.5138 0.5827 0.6423 0.6281 0.6867 0.6464 0.5622 0.5321 0.5694 0.5821 0.6128 0.5913 0.6367 0.5469 0.5903 0.6071 0.6474 0.6648 0.7265 0.7276 0.6367 0.502 0.5133 0.5168 0.5923 0.5898 0.5862 0.5224 0.5403 0.5378 0.5378 0.5173 0.5128 0.5168 0.5168 0.5061 0.4888 0.4765 0.4893 0.4939 0.4944 0.523 0.5434 0.601 0.6046 0.5811 0.4959 0.4367 0.4235 0.4255 0.3918 0.4454 0.4699 0.4913 0.5286 0.5668 0.6337 0.6546
-9999 -9999 -9999 -9999 -9999 -9999 -9999 -9999 0.3286 0.3929 0.4847 0.4786 0.4883 0.5153 0.5026 0.5158 0.5347 0.5796 0.5653 0.5724 0.5439 0.5255 0.5668 0.5811 0.5796 0.6418 0.6143 0.5628 0.5184 0.4929 0.5449 0.6204 0.7082 0.724 0.7219 0.6597 0.6133 0.6214 0.6077 0.5842 0.601 0.5939 0.5163 0.5286 0.5536 0.5194 0.5281 0.5194 0.5168 0.5173 0.4939 0.4908 0.4668 0.4888 0.4903 0.5102 0.5842 0.6571 0.6352 0.5286 0.5388 0.4653 0.4566 0.4709 0.4694 0.4531 0.475 0.5184 0.5347 0.527 0.625 0.6306 0.6469
-9999 -9999 -9999 -9999 -9999 -9999 -9999 -9999 0.2964 0.35 -9999 -9999 0.4872 0.4898 0.5168 0.4923 0.4893 0.4811 0.4403 0.4872 0.5689 0.5857 0.5801 0.5816 0.5607 0.5587 0.6311 0.5628 0.4908 0.4801 0.5327 0.6372 0.6648 0.6878 0.7276 0.6454 0.6587 0.6301 0.6526 0.6383 0.6224 0.5352 0.5184 0.5219 0.5403 0.5622 0.5408 0.5403 0.5388 0.5148 0.4929 0.4913 0.4903 0.4719 0.4903 0.527 0.5622 0.5781 0.6602 0.6117 0.5398 0.4959 0.4923 0.4929 0.5133 0.4796 0.5173 0.4954 0.5281 0.5847 0.6413 0.651 0.6673
-9999 -9999 -9999 -9999 -9999 -9999 -9999 -9999 -9999 -9999 -9999 -9999 0.477 0.4597 0.5158 0.4811 0.4786 0.4908 0.4898 0.5082 0.5485 0.5714 0.6153 0.6536 0.6408 0.6301 0.5546 0.5056 0.4964 0.4949 0.5383 0.6423 0.6587 0.65 0.7061 0.6918 0.6633 0.6633 0.6643 0.6306 0.5372 0.5092 0.5168 0.5173 0.6173 0.5832 0.5444 0.5378 0.5372 0.5041 0.4939 0.4888 0.4898 0.475 0.4888 0.5357 0.5633 0.5423 0.5413 0.5607 0.5153 0.4929 0.4888 0.4668 0.4908 0.477 0.4923 0.4923 0.5061 0.5622 0.5719 0.6668 0.7097
-9999 -9999 -9999 -9999 -9999 -9999 -9999 -9999 -9999 -9999 -9999 -9999 0.4668 0.4888 0.5128 0.4663 0.4418 0.4321 0.498 0.5173 0.5811 0.576 0.6464 0.6189 0.627 0.6352 0.5663 0.5046 0.5383 0.5224 0.602 0.6332 0.7148 0.7276 0.7117 0.7265 0.7204 0.7087 0.6459 0.6362 0.5607 0.5158 0.4944 0.4806 0.5316 0.548 0.5663 0.5571 0.5566 0.5122 0.4765 0.4872 0.4704 0.477 0.4878 0.5342 0.5337 0.5199 0.526 0.5806 0.4888 0.4776 0.451 0.4495 0.4653 0.4628 0.476 0.4923 0.4714 0.5541 0.5592 0.6653 0.6515
-9999 -9999 -9999 -9999 -9999 -9999 -9999 -9999 -9999 -9999 -9999 -9999 0.323 0.4321 0.5429 0.5097 0.4862 0.4393 0.452 0.4699 0.5811 0.5653 0.5801 0.5602 0.5801 0.5138 0.5551 0.5546 0.5964 0.6097 0.6071 0.6281 0.7291 0.7005 0.7143 0.7311 0.7296 0.7301 0.7087 0.5398 0.5459 0.4964 0.5219 0.4913 0.5148 0.5138 0.5143 0.5321 0.5321 0.5316 0.4862 0.4694 0.4633 0.4607 0.4816 0.4857 0.4872 0.4816 0.4898 0.4883 0.4862 0.4444 0.4607 0.4607 0.4612 0.4653 0.4954 0.4969 0.5571 0.5582 0.5811 0.7128 0.6495
-9999 -9999 -9999 -9999 -9999 -9999 -9999 -9999 -9999 -9999 -9999 0.2214 0.2566 0.3622 0.4786 0.4939 0.426 0.4403 0.4459 0.4735 0.5372 0.5786 0.5694 0.5806 0.5056 0.5265 0.5469 0.5694 0.5939 0.6041 0.5918 0.7133 0.6918 0.6959 0.6923 0.6842 0.7097 0.7265 0.6296 0.5526 0.552 0.5388 0.4755 0.4847 0.5526 0.5347 0.5255 0.5179 0.5311 0.5066 0.451 0.4791 0.4607 0.4612 0.4194 0.449 0.4653 0.4643 0.4622 0.4658 0.4633 0.4607 0.4582 0.4612 0.4561 0.4709 0.502 0.5163 0.5597 0.5699 0.6628 0.6724 0.7092
-9999 -9999 -9999 -9999 -9999 -9999 -9999 -9999 -9999 -9999 -9999 -9999 0.2551 0.3265 0.4724 0.5026 0.4872 0.4944 0.476 0.4827 0.5158 0.5628 0.5628 0.5352 0.4857 0.4837 0.55 0.5719 0.5648 0.6485 0.6883 0.677 0.5908 0.6291 0.6393 0.5199 0.5668 0.6102 0.501 0.5117 0.5255 0.525 0.5311 0.5449 0.5587 0.5327 0.5056 0.5061 0.4872 0.4842 0.4857 0.4867 0.4607 0.4449 0.4617 0.4531 0.4663 0.4658 0.4679 0.4755 0.4531 0.4592 0.4607 0.4617 0.4658 0.4776 0.5204 0.5398 0.6311 0.6628 0.7306 0.7286 0.6786
-9999 -9999 -9999 -9999 -9999 -9999 -9999 -9999 -9999 -9999 -9999 -9999 0.2316 0.3036 0.4571 0.4566 0.5163 0.5128 0.4913 0.5102 0.5148 0.5143 0.5556 0.4959 0.4628 0.4526 0.4622 0.5311 0.5745 0.627 0.6301 0.6107 0.6281 0.5474 0.6204 0.5597 0.5005 0.4847 0.4658 0.4724 0.4495 0.4418 0.5316 0.5316 0.5265 0.4939 0.4673 0.4449 0.4372 0.4449 0.4561 0.4587 0.4617 0.4434 0.4495 0.4551 0.4638 0.452 0.4536 0.4939 0.4949 0.4929 0.4684 0.4628 0.5163 0.6413 0.6622 0.6429 0.6383 0.6827 0.7092 0.7306 0.6689
-9999 -9999 -9999 -9999 -9999 -9999 -9999 -9999 -9999 -9999 -9999 -9999 0.2837 0.3219 0.4209 0.4571 0.4653 0.501 0.477 0.475 0.4668 0.4969 0.4944 0.4827 0.452 0.4408 0.4485 0.4434 0.4801 0.5893 0.6112 0.6378 0.6245 0.577 0.5597 0.5224 0.4418 0.4342 0.4357 0.449 0.4653 0.4418 0.3837 0.4852 0.4974 0.3903 0.3867 0.4209 0.4383 0.4607 0.4612 0.4612 0.4612 0.451 0.4556 0.4571 0.4276 0.4679 0.4893 0.5184 0.5418 0.6235 0.6209 0.5847 0.6592 0.7316 0.7255 0.7306 0.7015 0.6944 0.7235 0.7281 0.6005
-9999 -9999 -9999 -9999 -9999 -9999 -9999 -9999 -9999 -9999 -9999 -9999 0.2699 0.325 0.3699 0.4464 0.4423 0.4408 0.4832 0.4536 0.4495 0.5117 0.4872 0.4806 0.3663 0.324 0.4163 0.3908 0.4347 0.4668 0.4617 0.4383 0.4179 0.475 0.401 0.3898 0.375 0.3888 0.3867 0.3847 0.423 0.3995 0.3653 0.3995 0.377 0.326 0.3168 0.3755 0.4026 0.4158 0.4332 0.4541 0.4505 0.4628 0.4607 0.4643 0.4658 0.5097 0.5117 0.6306 0.7194 0.7296 0.7092 0.6679 0.648 0.6551 0.7245 0.7296 0.6235 0.574 0.5796 0.5531 0.5638
-9999 -9999 -9999 -9999 -9999 -9999 -9999 -9999 -9999 -9999 -9999 -9999 0.2923 0.3163 0.3551 0.4551 0.474 0.4969 0.4592 0.5342 0.5546 0.5153 0.4643 0.4929 0.4816 0.4281 0.4173 0.4668 0.4806 0.4306 0.4015 0.4097 0.4031 0.3872 0.3852 0.3577 0.375 0.3816 0.3444 0.3316 0.3398 0.323 0.3571 0.398 0.3791 0.3347 0.3163 0.377 0.3388 0.3571 0.3755 0.4224 0.4607 0.4628 0.4597 0.4745 0.5316 0.5536 0.576 0.649 0.7321 0.7332 0.7311 0.7138 0.7296 0.6883 0.7112 0.702 0.625 0.6015 0.6122 0.6255 0.6061
-9999 -9999 -9999 -9999 -9999 -9999 -9999 -9999 -9999 -9999 -9999 -9999 0.2699 0.274 0.3357 0.4224 0.4862 0.4668 0.5143 0.6612 0.6036 0.5617 0.5173 0.4954 0.4893 0.4934 0.4755 0.4801 0.4561 0.4602 0.4235 0.4286 0.401 0.3709 0.3378 0.3367 0.3158 0.3357 0.3051 0.3393 0.3418 0.323 0.3908 0.4046 0.3367 0.3393 0.298 0.2862 0.3709 0.3842 0.3791 0.375 0.4255 0.4464 0.4663 0.5199 0.5408 0.6658 0.6673 0.7332 0.7296 0.727 0.6684 0.6546 0.7276 0.7286 0.7327 0.7107 0.6092 0.6031 0.6214 0.6061 0.6036
